-0.604521
1.82708
2.62262
2.16482
2.405
2.4453
2.68964
2.80444
2.23417
1.5128
1.53311
1.58431
2.3764
2.29749
2.266
2.95018
2.80912
3.04633
2.85851
3.56968
3.9418
4.1271
3.72703
4.42572
4.17104
3.71757
3.39735
2.90687
2.7065
2.48539
3.56997
3.2194
3.94954
3.29146
2.96921
2.74592
2.93784
3.80451
4.50957
4.1875
5.74365
4.64103
4.75501
4.26503
4.26351
4.00285
3.81473
4.98918
3.43526
4.2078
5.00481
4.34613
4.01231
3.89309
3.4967
2.91676
2.77774
3.12386
2.70308
3.51617
3.25614
2.93532
3.52261
4.53389
4.32601
3.6091
3.14835
3.75111
3.71435
4.2086
3.96713
3.46273
3.27866
3.51184
2.99656
2.79702
3.83441
4.74856
5.06207
4.4722
4.27459
4.17154
3.87087
3.35762
3.26016
3.27263
2.88759
2.83898
2.88863
3.61949
3.63202
3.13746
2.11887
1.76003
1.42378
0.186809
0.0182823
0.018752
